Webots Project File version R2025a
perspectives: 000000ff00000000fd0000000300000000000001ca0000039ffc0200000001fb00000012005300630065006e0065005400720065006501000000000000039f000000000000000000000001000002d7000002e9fc0200000001fb0000001400540065007800740045006400690074006f00720100000017000002e90000008800ffffff0000000300000750000000dafc0100000003fb0000000e0043006f006e0073006f006c006501000001d0000005b00000000000000000fc00000000000007500000006900fffffffa000000000100000001fb0000001a0043006f006e0073006f006c00650041006c006c0041006c006c0100000000ffffffff0000006900fffffffb0000001a0043006f006e0073006f006c00650041006c006c0041006c006c010000000000000750000000000000000000000477000002e900000004000000040000000100000008fc00000000
simulationViewPerspectives: 000000ff000000010000000200000175000003e60100000002010000000101
sceneTreePerspectives: 000000ff00000001000000030000001d000000c0000000fa0100000002010000000201
maximizedDockId: -1
centralWidgetVisible: 1
orthographicViewHeight: 1
textFiles: 0 "controllers/supervisor_controller/supervisor_controller.py"
consoles: Console:All:All
renderingDevicePerspectives: vehicle:camera;1;1;0;0
renderingDevicePerspectives: vehicle:display_image;1;1;0.337676;0.0116788
