Webots Project File version R2025a
perspectives: 000000ff00000000fd0000000300000000000001ca0000039ffc0200000001fb00000012005300630065006e0065005400720065006501000000000000039f0000000000000000000000010000008700000245fc0200000001fb0000001400540065007800740045006400690074006f00720100000000000002450000004500ffffff0000000300000483000000dafc0100000003fb0000000e0043006f006e0073006f006c006501000001d0000005b00000000000000000fc00000000000004830000008700fffffffa000000000100000001fb0000001a0043006f006e0073006f006c00650041006c006c0041006c006c0100000000ffffffff0000008700fffffffb0000001a0043006f006e0073006f006c00650041006c006c0041006c006c0100000000000007500000000000000000000003fa0000024500000004000000040000000100000008fc00000000
simulationViewPerspectives: 000000ff000000010000000200000111000002aa0100000002010000000101
sceneTreePerspectives: 000000ff00000001000000030000001e000000c0000000fa0100000002010000000201
maximizedDockId: -1
centralWidgetVisible: 1
orthographicViewHeight: 1
textFiles: -1
consoles: Console:All:All
renderingDevicePerspectives: vehicle:camera;1;1;0;0
renderingDevicePerspectives: vehicle:display_image;1;0.931988;0.745064;0
